u  =   1   1   2   1   2   1   1   1   2   1   2   1   1   1   2   1   2   1 0.1   1 0.1 0.1   1 0.1 0.1   1 0.1   1   1   1   1   1   1   1   1   1

rcond = 5.33195e-07

du =   0.0607764  -0.0237867   0.0333705   0.0854222  -0.0695918  -0.0111784    -0.10959   0.0718214   0.0486373  -0.0901961 -0.00230041  -0.0112055    0.226395   -0.280754   -0.361154    0.185732    0.334594  -0.0114177  0.00236082    -0.34556   -0.804544  -0.0746642   -0.905775    0.400581   -0.246351    -1.96735     1.47251     0.46371    0.173176    0.943375   -0.421757     1.08565     4.20185    -1.51954   -0.735823     1.25309

u  =   1.06078  0.976213   2.03337   1.08542   1.93041  0.988822   0.89041   1.07182   2.04864  0.909804    1.9977  0.988795   1.22639  0.719246   1.63885   1.18573   2.33459  0.988582  0.102361   0.65444 -0.704544 0.0253358 0.0942252  0.500581 -0.146351 -0.967345   1.57251   1.46371   1.17318   1.94338  0.578243   2.08565   5.20185 -0.519539  0.264177   2.25309

